project,summary,reporterName
junomodules,Testing,adamp-juno
junomodules,Testing2,adamp-juno
